55 84
64 29
6049 5045

52 11
67 67
2826 1760

78 56
22 50
1222 1322

13 49
55 12
7975 7671

26 34
47 13
4326 1974

13 55
83 70
3982 4195

81 75
13 45
7639 8985

78 27
57 81
5625 2376

24 73
71 24
18732 979

45 22
20 45
14935 4567

94 28
32 61
8878 3468

43 21
32 60
9015 9749

21 80
81 66
4188 6494

29 95
88 33
7523 6775

24 54
67 42
4164 2844

58 20
11 46
5388 2536

28 95
26 13
1888 3698

30 62
63 18
4893 5512

93 28
26 61
1290 1505

24 35
73 30
2938 1685

48 11
22 46
10294 15523

11 29
54 20
734 9474

39 14
31 67
5132 10002

14 79
56 13
17476 2004

30 65
41 16
18817 1772

34 36
73 14
6739 1882

39 15
12 37
6539 568

41 18
36 63
4150 16235

15 62
77 27
6398 7804

61 23
16 29
3576 2979

13 47
56 22
6005 4747

26 68
45 12
2605 8356

46 14
40 72
11684 16452

52 25
12 51
8884 8281

11 87
95 86
8416 10007

40 58
32 15
5056 4725

19 48
38 22
215 5088

63 33
11 36
1876 2676

38 70
42 16
5236 3938

32 53
41 14
11873 15017

13 48
62 26
14966 1168

72 22
28 58
6392 5612

36 11
20 56
3636 2907

14 22
93 18
2426 1762

71 35
20 50
15672 13920

98 57
37 75
10343 9492

19 65
39 16
2511 10975

28 97
56 20
1988 1493

26 72
56 18
5576 15002

79 14
15 74
12551 14374

38 82
60 33
6786 9048

19 47
23 11
14723 11967

50 14
13 67
3747 5421

65 12
49 64
6626 3916

28 21
11 26
7752 18194

14 58
87 19
6365 6225

28 79
74 40
4510 3779

12 54
52 52
2700 4506

24 91
72 35
3048 5845

15 53
67 28
4757 5119

52 17
22 57
4530 3025

68 12
34 51
8772 4878

59 58
19 77
4357 6791

15 63
70 26
7705 6801

29 18
16 43
15447 6091

20 43
38 21
4280 9740

82 21
34 50
7068 2925

21 52
84 43
9429 8333

29 36
92 16
7941 4260

22 32
65 11
413 183

41 97
97 60
3717 7099

60 15
37 82
5374 8389

79 18
11 53
4202 14514

26 51
22 11
2886 11383

67 22
13 43
14616 10056

29 67
36 11
15745 7213

11 24
39 25
12543 5975

44 39
17 85
4666 9031

31 73
22 16
3767 6221

75 14
18 79
16421 6966

76 59
18 94
2568 9356

27 40
69 27
5310 4933

20 12
14 44
2006 3596

12 86
99 48
960 4234

97 16
17 14
9963 2136

41 24
31 84
3471 3744

76 49
14 68
6062 7034

57 12
32 79
8324 8186

79 81
14 92
4066 10070

38 24
12 93
2998 4029

11 90
52 17
2971 7970

41 87
74 13
3361 1947

92 15
94 99
9090 8427

40 15
24 40
10928 18240

19 57
44 23
3197 2942

13 64
84 32
5962 416

28 92
95 29
1701 3607

39 14
18 46
16355 11272

27 88
94 21
9678 7572

89 15
55 88
9706 8013

16 65
82 67
8348 8898

48 75
95 29
6486 5118

93 16
26 60
5960 5412

20 67
89 23
5438 6661

95 72
23 67
2807 6539

84 53
24 66
4392 5314

35 79
50 14
15635 17971

37 22
11 82
2367 4954

17 25
84 29
8039 3598

29 32
74 19
1622 662

84 52
22 80
7282 6964

37 13
40 74
12931 8309

73 25
19 66
6840 5020

65 44
11 31
11920 19148

69 20
15 32
4662 3840

87 92
17 79
8004 13773

15 49
59 26
5897 1473

11 31
65 33
501 6017

12 57
60 21
11864 11330

53 69
99 30
2202 1779

51 22
19 47
758 17214

24 11
20 63
12228 1005

19 67
73 25
18401 6065

94 69
24 82
4560 6502

97 60
15 85
6119 4315

85 52
12 73
4054 3268

17 86
59 19
5843 3009

57 12
26 59
17154 10263

46 12
23 31
4301 2797

65 72
59 17
4460 4215

15 37
65 23
19045 8367

75 12
29 38
5675 1742

23 86
70 25
4312 8074

14 81
89 21
6426 2604

44 14
19 63
524 5800

15 42
27 12
3140 12260

15 60
72 23
16886 5749

12 43
51 21
7208 16647

75 17
19 39
6943 2337

50 82
47 14
9258 4252

93 91
17 99
780 2740

52 62
68 19
7932 5919

61 12
56 96
3494 2472

11 64
64 38
2487 5442

11 32
35 17
6381 6696

21 35
41 12
7120 13403

81 24
47 78
3923 4302

80 13
11 57
6737 4794

70 25
22 63
14728 2402

42 19
11 16
5090 16796

31 99
89 33
2416 3696

44 76
97 51
10786 10006

25 79
87 63
9493 11137

42 98
17 12
320 636

36 59
89 14
4822 2892

14 48
23 22
1570 4928

24 42
85 28
8621 4340

74 22
14 72
3208 19574

84 43
12 51
12068 11215

61 24
22 61
2628 4384

23 62
43 12
4204 18086

13 22
69 18
3627 2286

44 15
30 68
16210 12603

35 70
47 28
3789 5796

20 81
96 91
8716 9689

67 13
17 66
13352 10339

45 51
99 27
2880 2838

68 62
73 11
6236 2130

27 51
91 12
2656 540

50 35
26 83
2110 5365

20 61
55 26
795 5611

23 74
69 36
4600 8290

28 59
48 18
14328 18592

22 83
92 65
5438 7822

66 21
36 41
3276 1131

73 31
13 24
7263 4692

61 83
70 18
9753 8095

47 21
49 76
6735 5676

60 28
11 45
12663 18625

65 16
19 73
3354 1559

44 11
12 76
14508 3963

55 23
28 51
12467 16721

16 60
72 13
18240 9440

32 84
80 44
7056 8728

13 36
58 18
816 1404

94 92
12 87
8226 8352

16 66
55 20
1467 4332

36 80
66 24
7668 8944

15 89
54 41
2232 6817

11 48
29 16
17250 5792

57 25
11 36
1912 7192

18 68
63 22
2151 5318

29 23
21 99
3461 10403

68 53
20 70
7468 10228

39 40
50 14
4830 3388

30 63
73 40
4210 4309

34 26
11 29
12871 16869

97 52
26 43
8503 7232

89 65
18 72
7859 8447

14 49
74 31
10208 6320

83 36
26 86
9239 10284

76 42
53 88
8337 9128

15 59
31 16
1591 2974

29 81
93 68
6065 7544

16 51
75 21
5791 10292

89 12
33 47
4270 2065

65 16
15 56
12245 14688

20 45
49 16
7066 6564

36 72
50 16
2030 18560

87 49
41 80
7149 8636

11 44
69 66
5966 8954

47 20
33 53
6432 19460

12 46
75 18
4688 8220

96 31
31 96
5526 5396

83 17
46 51
3319 1054

11 55
94 11
8039 1639

55 21
16 32
16098 1206

33 74
59 15
10234 677

20 58
81 30
5441 3280

16 21
93 18
2051 1131

16 12
34 99
1672 2136

96 25
39 90
7710 3445

22 60
69 35
18665 10145

70 75
50 14
4650 2687

35 95
67 48
4480 7475

44 44
13 71
1005 1759

34 24
14 85
958 1803

66 39
14 47
1496 17192

54 16
24 61
3444 4631

88 68
17 53
4893 4937

42 14
33 82
2604 2856

67 28
41 64
2825 4180

34 57
84 38
7174 6783

25 50
51 13
942 3646

83 23
13 62
17604 15013

55 19
29 65
13715 1295

11 29
54 35
4218 3390

75 43
19 47
17673 13249

74 22
41 68
8228 7804

85 94
90 25
9855 7172

82 40
25 72
1027 800

99 39
43 74
9734 7030

31 54
43 14
8147 9886

85 64
27 98
9506 11274

63 26
14 45
12716 14865

36 85
40 28
2516 3017

32 83
91 26
7654 2630

94 88
87 13
6766 2638

29 81
91 54
5961 4239

67 76
61 17
5274 2903

72 14
15 74
17021 2074

28 76
47 13
2863 5365

82 45
47 88
4179 6088

17 33
43 17
6468 13352

50 24
15 39
13565 6269

52 37
13 78
3003 8393

21 64
63 15
18638 14477

13 43
92 70
5698 5726

88 80
12 71
2008 2186

74 14
75 79
7398 6066

22 72
74 21
9094 10004

15 48
76 29
5497 363

62 12
66 89
7490 5947

95 42
50 75
12610 10071

85 58
14 90
7393 12848

36 84
94 68
1948 3032

15 44
57 24
4517 17684

23 70
46 13
18546 13578

58 99
90 24
5186 7815

65 14
22 77
12752 17595

83 61
25 69
5025 5465

70 36
17 56
13187 8320

42 15
18 52
5672 15378

23 49
39 19
1960 952

11 47
37 22
1131 6717

59 33
27 54
7326 12827

37 12
31 61
13132 17507

12 36
87 17
4104 2552

14 54
61 24
9176 5150

14 65
33 13
758 2678

51 22
11 28
2888 3362

12 38
77 38
1968 15852

75 39
22 56
11849 4169

21 56
70 30
16272 12592

14 27
40 11
13504 10466

17 98
70 30
3163 8522

16 34
64 44
4448 5036

19 43
55 30
5638 6241

27 96
76 14
3362 2986

45 33
14 36
6040 2366

33 63
87 44
10917 9365

91 20
59 89
12062 7289

17 55
36 18
4757 14123

30 78
27 19
1182 1742

69 11
18 72
13307 2563

49 17
14 35
865 18170

43 78
77 19
6683 1986

38 43
80 20
6710 3855

22 73
75 20
19243 2562

63 21
13 28
7771 18043

21 59
53 25
16739 7557

38 18
39 98
5442 6236

15 39
36 15
13094 16196

53 59
84 13
3942 2134

46 11
63 88
6045 7645

20 94
83 32
8907 9992

23 62
69 29
19443 17585

42 15
13 32
17771 3701

85 25
14 42
6657 5481

11 80
67 14
2843 8458

37 57
32 15
18786 9479

40 75
47 25
6049 5850

58 13
28 32
5880 2244

51 94
91 33
7286 7097

11 52
81 53
3310 5750

72 31
16 52
12264 8321

11 88
85 53
7938 12090

19 39
40 23
15370 3989

61 34
32 55
1925 2671

71 86
34 11
3685 2894
